216
EU344894_1_35_kDa_coat_protein_Chile                 0.0000000 0.0119127 0.0179574 0.0119127 0.0139320 0.0179919 0.0356302 0.0286028 0.0265299 0.0265299 0.0286187 0.0139134 0.0203334 0.0159774 0.0224538 0.0139262 0.0139134 0.0203334 0.0224595 0.0119060 0.0119060 0.0224538 0.0203821 0.0245395 0.0245395 0.0245299 0.0139289 0.0039718 0.0246680 0.0139220 0.0159880 0.0159841 0.0286644 0.0139369 0.0139369 0.0159551 0.0160255 0.0139645 0.0019461 0.0139109 0.0139412 0.0200690 0.0244298 0.0286028 0.0139510 0.0159841 0.0161292 0.0139320 0.0139739 0.0140101 0.0019447 0.0000010 0.0200621 0.0139496 0.0286864 0.0161266 0.0139369 0.0139369 0.0139263 0.0139263 0.0139220 0.0139220 0.0139220 0.0118579 0.0139263 0.0139220 0.0139006 0.0139216 0.0246276 0.0246276 0.0245954 0.0231275 0.0245954 0.0265934 0.0268021 0.0159839 0.0139497 0.0393262 0.0119141 0.0159379 0.0139501 0.0139591 0.0139469 0.0159521 0.0160155 0.0160162 0.0139369 0.0139369 0.0139006 0.0139472 0.0139623 0.0139412 0.0099095 0.0119141 0.0160150 0.0286492 0.0139464 0.0139212 0.0159928 0.0159662 0.0352170 0.0160007 0.0160164 0.0139006 0.0139216 0.0200375 0.0139458 0.0140140 0.0160717 0.0139496 0.0139497 0.0139320 0.0159788 0.0266291 0.0160845 0.0266291 0.0139492 0.0180417 0.0160134 0.0160298 0.0180390 0.0139369 0.0536246 0.0315609 0.0488855 0.0433851 0.0245990 0.0336764 0.0294452 0.0336764 0.0475291 0.0245990 0.0379933 0.0287688 0.0287688 0.0524038 0.0287933 0.0330069 0.0288134 0.0377467 0.0377467 0.0286268 0.0473934 0.0516656 0.0286268 0.0266355 0.0155195 0.0264213 0.0153525 0.0301310 0.0155758 0.0276604 0.0235044 0.0512981 0.0512981 0.0465945 0.0465945 0.0362731 0.0362731 0.0264612 0.0264612 0.0561366 0.0561366 0.0410919 0.0311182 0.0310900 0.0310900 0.0561432 0.0563252 0.0949956 0.0949956 0.0000010 0.0609935 0.0609935 0.0464879 0.0464879 0.0514196 0.0408919 0.0560454 0.0560454 0.0309714 0.0449683 0.0510142 0.0512491 0.0462324 0.0462324 0.0563624 0.0563624 0.1176550 0.0611415 0.0261813 0.0263016 0.0263016 0.0360489 0.0360489 0.0392184 0.0544808 0.0303694 0.0406404 0.0309284 0.0309284 0.0544808 0.0597084 0.0416191 0.0303697 0.0000010 0.0516152 0.0000010 0.0042241 0.0543755 0.0609668 0.0949589 0.0949589 0.0409811 0.0309714 0.0761165 
EU344895_1_35_kDa_coat_protein_Chile                 0.0119127 0.0000000 0.0058664 0.0000010 0.0019506 0.0058781 0.0329698 0.0261017 0.0240614 0.0240614 0.0261163 0.0019480 0.0138624 0.0039140 0.0159063 0.0019498 0.0019480 0.0138624 0.0159100 0.0119211 0.0119211 0.0159063 0.0138945 0.0179301 0.0179301 0.0179238 0.0139463 0.0162354 0.0180234 0.0019492 0.0039169 0.0039163 0.0261572 0.0019514 0.0019514 0.0039093 0.0039262 0.0019550 0.0119118 0.0019478 0.0019518 0.0078664 0.0219977 0.0261017 0.0019530 0.0039163 0.0138505 0.0019506 0.0019562 0.0019616 0.0139271 0.0119127 0.0078640 0.0019532 0.0261769 0.0138482 0.0019514 0.0019514 0.0019500 0.0019500 0.0019492 0.0019492 0.0019492 0.0019486 0.0019500 0.0019492 0.0019463 0.0019493 0.0179924 0.0179924 0.0179705 0.0164216 0.0179705 0.0199344 0.0159119 0.0039161 0.0019530 0.0366502 0.0019495 0.0039052 0.0019530 0.0039152 0.0019526 0.0039082 0.0039237 0.0160359 0.0019514 0.0019514 0.0019463 0.0019527 0.0019548 0.0019518 0.0019506 0.0019495 0.0039234 0.0261436 0.0039117 0.0039046 0.0039181 0.0039112 0.0325901 0.0058899 0.0058958 0.0019463 0.0019493 0.0078554 0.0019524 0.0059105 0.0039370 0.0019532 0.0019530 0.0019506 0.0039149 0.0199607 0.0039403 0.0199607 0.0019531 0.0058929 0.0039224 0.0039271 0.0058931 0.0019514 0.0559662 0.0225527 0.0349865 0.0409198 0.0000010 0.0284711 0.0243613 0.0284711 0.0328849 0.0000010 0.0326599 0.0039450 0.0039450 0.0374059 0.0039489 0.0079221 0.0039514 0.0324515 0.0324515 0.0039259 0.0418058 0.0368974 0.0039259 0.0180263 0.0000010 0.0178865 0.0000010 0.0000010 0.0000010 0.0000010 0.0000010 0.0353794 0.0353794 0.0308993 0.0308993 0.0306053 0.0306053 0.0000010 0.0000010 0.0399618 0.0399618 0.0352484 0.0042513 0.0042476 0.0042476 0.0399539 0.0400895 0.0823831 0.0823831 0.0264612 0.0445500 0.0445500 0.0308405 0.0308405 0.0354601 0.0350823 0.0398961 0.0398961 0.0042325 0.0261764 0.0351945 0.0353497 0.0306805 0.0306805 0.0401132 0.0401132 0.1155004 0.0446611 0.0084735 0.0000010 0.0000010 0.0304219 0.0304219 0.0350177 0.0380454 0.0216005 0.0348770 0.0042270 0.0042270 0.0380454 0.0429519 0.0357045 0.0127750 0.0000010 0.0355827 0.0264612 0.0218142 0.0401099 0.0445386 0.0823540 0.0823540 0.0351577 0.0042325 0.0648903 
EU344896_1_35_kDa_coat_protein_Chile                 0.0179574 0.0058664 0.0000000 0.0058664 0.0078405 0.0078544 0.0393319 0.0308475 0.0302163 0.0302163 0.0322914 0.0078312 0.0198991 0.0098345 0.0219774 0.0078384 0.0078312 0.0198991 0.0219828 0.0179685 0.0179685 0.0219774 0.0199456 0.0240223 0.0240223 0.0240132 0.0200193 0.0224213 0.0241466 0.0078358 0.0098414 0.0098395 0.0323428 0.0078435 0.0078435 0.0098218 0.0098645 0.0078584 0.0179559 0.0078299 0.0038891 0.0097970 0.0281282 0.0308475 0.0078507 0.0098395 0.0198809 0.0078405 0.0078635 0.0078847 0.0199935 0.0179574 0.0138304 0.0078506 0.0323675 0.0198779 0.0078435 0.0078435 0.0078386 0.0078386 0.0078358 0.0078358 0.0078359 0.0078335 0.0078386 0.0078358 0.0078242 0.0078361 0.0241077 0.0241077 0.0240769 0.0226273 0.0240769 0.0260384 0.0219814 0.0098392 0.0078502 0.0429516 0.0078370 0.0098115 0.0078503 0.0098372 0.0078486 0.0098196 0.0098583 0.0221562 0.0078435 0.0078435 0.0078242 0.0078489 0.0078575 0.0038891 0.0078405 0.0078370 0.0098578 0.0323259 0.0098284 0.0098107 0.0098443 0.0098276 0.0388813 0.0118390 0.0118506 0.0039001 0.0078361 0.0138145 0.0078480 0.0118797 0.0098911 0.0078506 0.0078502 0.0078405 0.0098361 0.0260727 0.0098991 0.0260727 0.0078503 0.0118450 0.0098560 0.0098669 0.0118444 0.0078435 0.0628762 0.0364739 0.0568142 0.0476302 0.0119221 0.0410540 0.0368926 0.0410540 0.0456513 0.0119221 0.0453181 0.0159350 0.0159350 0.0503490 0.0159495 0.0199960 0.0159604 0.0450323 0.0450323 0.0158581 0.0545886 0.0496617 0.0158581 0.0259159 0.0076082 0.0257124 0.0075278 0.0145027 0.0076351 0.0133565 0.0114062 0.0491467 0.0491467 0.0446075 0.0446075 0.0441590 0.0441590 0.0127945 0.0127945 0.0538159 0.0538159 0.0489557 0.0127709 0.0084267 0.0084267 0.0538196 0.0539904 0.0959530 0.0959530 0.0401202 0.0585025 0.0585025 0.0445106 0.0445106 0.0492592 0.0459105 0.0537307 0.0537307 0.0135284 0.0396690 0.0488846 0.0491019 0.0442749 0.0442749 0.0540246 0.0540246 0.1296309 0.0586412 0.0214038 0.0127206 0.0127206 0.0438897 0.0438897 0.0486571 0.0521772 0.0349177 0.0484163 0.0126962 0.0126962 0.0521772 0.0572124 0.0495421 0.0168929 0.0000010 0.0494390 0.0401202 0.0352766 0.0540264 0.0584793 0.0959159 0.0959159 0.0488224 0.0135284 0.0770555 
DQ062152_1_coat_protein_Brazil                       0.0119127 0.0000010 0.0058664 0.0000000 0.0019506 0.0058781 0.0329698 0.0261017 0.0240614 0.0240614 0.0261163 0.0019480 0.0138624 0.0039140 0.0159063 0.0019498 0.0019480 0.0138624 0.0159100 0.0119211 0.0119211 0.0159063 0.0138945 0.0179301 0.0179301 0.0179238 0.0139463 0.0162354 0.0180234 0.0019492 0.0039169 0.0039163 0.0261572 0.0019514 0.0019514 0.0039093 0.0039262 0.0019550 0.0119118 0.0019478 0.0019518 0.0078664 0.0219977 0.0261017 0.0019530 0.0039163 0.0138505 0.0019506 0.0019562 0.0019616 0.0139271 0.0119127 0.0078640 0.0019532 0.0261769 0.0138482 0.0019514 0.0019514 0.0019500 0.0019500 0.0019492 0.0019492 0.0019492 0.0019486 0.0019500 0.0019492 0.0019463 0.0019493 0.0179924 0.0179924 0.0179705 0.0164216 0.0179705 0.0199344 0.0159119 0.0039161 0.0019530 0.0366502 0.0019495 0.0039052 0.0019530 0.0039152 0.0019526 0.0039082 0.0039237 0.0160359 0.0019514 0.0019514 0.0019463 0.0019527 0.0019548 0.0019518 0.0019506 0.0019495 0.0039234 0.0261436 0.0039117 0.0039046 0.0039181 0.0039112 0.0325901 0.0058899 0.0058958 0.0019463 0.0019493 0.0078554 0.0019524 0.0059105 0.0039370 0.0019532 0.0019530 0.0019506 0.0039149 0.0199607 0.0039403 0.0199607 0.0019531 0.0058929 0.0039224 0.0039271 0.0058931 0.0019514 0.0559662 0.0225527 0.0349865 0.0409198 0.0000010 0.0284711 0.0243613 0.0284711 0.0328849 0.0000010 0.0326599 0.0039450 0.0039450 0.0374059 0.0039489 0.0079221 0.0039514 0.0324515 0.0324515 0.0039259 0.0418058 0.0368974 0.0039259 0.0180263 0.0000010 0.0178865 0.0000010 0.0000010 0.0000010 0.0000010 0.0000010 0.0353794 0.0353794 0.0308993 0.0308993 0.0306053 0.0306053 0.0000010 0.0000010 0.0399618 0.0399618 0.0352484 0.0042513 0.0042476 0.0042476 0.0399539 0.0400895 0.0823831 0.0823831 0.0264612 0.0445500 0.0445500 0.0308405 0.0308405 0.0354601 0.0350823 0.0398961 0.0398961 0.0042325 0.0261764 0.0351945 0.0353497 0.0306805 0.0306805 0.0401132 0.0401132 0.1155004 0.0446611 0.0084735 0.0000010 0.0000010 0.0304219 0.0304219 0.0350177 0.0380454 0.0216005 0.0348770 0.0042270 0.0042270 0.0380454 0.0429519 0.0357045 0.0127750 0.0000010 0.0355827 0.0264612 0.0218142 0.0401099 0.0445386 0.0823540 0.0823540 0.0351577 0.0042325 0.0648903 
DQ680142_1_coat_protein_Brazil                       0.0139320 0.0019506 0.0078405 0.0019506 0.0000000 0.0078560 0.0351138 0.0281759 0.0261280 0.0261280 0.0281914 0.0039054 0.0158807 0.0058851 0.0179377 0.0039090 0.0039054 0.0158807 0.0179420 0.0139413 0.0139413 0.0179377 0.0159176 0.0199702 0.0199702 0.0199631 0.0159768 0.0183058 0.0200741 0.0039076 0.0058894 0.0058885 0.0282358 0.0039121 0.0039121 0.0058778 0.0059034 0.0039193 0.0139308 0.0039048 0.0039129 0.0098577 0.0240543 0.0281759 0.0039155 0.0058885 0.0158667 0.0039105 0.0039218 0.0039325 0.0159553 0.0139320 0.0098546 0.0039156 0.0282572 0.0158642 0.0039121 0.0039121 0.0039092 0.0039092 0.0039076 0.0039076 0.0039077 0.0039065 0.0039092 0.0039076 0.0039019 0.0039079 0.0200403 0.0200403 0.0200155 0.0185012 0.0200155 0.0219803 0.0179430 0.0058882 0.0039153 0.0387771 0.0039082 0.0058717 0.0039153 0.0058869 0.0039145 0.0058764 0.0058997 0.0180839 0.0039121 0.0039121 0.0039019 0.0039147 0.0039190 0.0039129 0.0039105 0.0039082 0.0058993 0.0282211 0.0058816 0.0058709 0.0058912 0.0058810 0.0347098 0.0078721 0.0078799 0.0039019 0.0039079 0.0098437 0.0039142 0.0078995 0.0059198 0.0039156 0.0039153 0.0039105 0.0058864 0.0220092 0.0059247 0.0220092 0.0039154 0.0078761 0.0058979 0.0059048 0.0078761 0.0039121 0.0583857 0.0272108 0.0349865 0.0431895 0.0039541 0.0326948 0.0285598 0.0326948 0.0371775 0.0039541 0.0369170 0.0079279 0.0079279 0.0417667 0.0079355 0.0119397 0.0079408 0.0366819 0.0366819 0.0078896 0.0461291 0.0411970 0.0078896 0.0206665 0.0025274 0.0205054 0.0025007 0.0048047 0.0025362 0.0044273 0.0037829 0.0400122 0.0400122 0.0355026 0.0355026 0.0351577 0.0351577 0.0042420 0.0042420 0.0446337 0.0446337 0.0398612 0.0085474 0.0085398 0.0085398 0.0446289 0.0447774 0.0878604 0.0878604 0.0310384 0.0492639 0.0492639 0.0354318 0.0354318 0.0401038 0.0396717 0.0445611 0.0445611 0.0085091 0.0306990 0.0398012 0.0399776 0.0352463 0.0352463 0.0448045 0.0448045 0.1210621 0.0493850 0.0127755 0.0042177 0.0042177 0.0349454 0.0349454 0.0396090 0.0428208 0.0260564 0.0394339 0.0084980 0.0084980 0.0428208 0.0477794 0.0403645 0.0171226 0.0000010 0.0402453 0.0310384 0.0263180 0.0448026 0.0492490 0.0878283 0.0878283 0.0397565 0.0085091 0.0698980 
DQ911148_1_coat_protein_China                        0.0179919 0.0058781 0.0078544 0.0058781 0.0078560 0.0000000 0.0351648 0.0282168 0.0261662 0.0261662 0.0282324 0.0078457 0.0199368 0.0098538 0.0220188 0.0078529 0.0078457 0.0199368 0.0220243 0.0177056 0.0177056 0.0220188 0.0199836 0.0240673 0.0240673 0.0240581 0.0197843 0.0224634 0.0241921 0.0078504 0.0058985 0.0058975 0.0282769 0.0078591 0.0078591 0.0098411 0.0098829 0.0078740 0.0179904 0.0078444 0.0078610 0.0138617 0.0240896 0.0282168 0.0078663 0.0058975 0.0199186 0.0078560 0.0078791 0.0079004 0.0200316 0.0179919 0.0098696 0.0078662 0.0282984 0.0199156 0.0078591 0.0078591 0.0078532 0.0078532 0.0078504 0.0078504 0.0078504 0.0078479 0.0078532 0.0078504 0.0078396 0.0078506 0.0241530 0.0241530 0.0241221 0.0226708 0.0241221 0.0260867 0.0179698 0.0058973 0.0078658 0.0388319 0.0078516 0.0098307 0.0078659 0.0098566 0.0078642 0.0098389 0.0098777 0.0219455 0.0039182 0.0039182 0.0078396 0.0078645 0.0078731 0.0078610 0.0078560 0.0078516 0.0098772 0.0282621 0.0098477 0.0098300 0.0098637 0.0098469 0.0347597 0.0118621 0.0118738 0.0078396 0.0078506 0.0098586 0.0078636 0.0119029 0.0099107 0.0078662 0.0078658 0.0078560 0.0098554 0.0220418 0.0099188 0.0220418 0.0078659 0.0118682 0.0098754 0.0098854 0.0118675 0.0078591 0.0629809 0.0271588 0.0421772 0.0477159 0.0039489 0.0326360 0.0285102 0.0326360 0.0371075 0.0039489 0.0368481 0.0079168 0.0079168 0.0416842 0.0079244 0.0119223 0.0079297 0.0366140 0.0366140 0.0078786 0.0460365 0.0411171 0.0078786 0.0206452 0.0025253 0.0204846 0.0024987 0.0047968 0.0025341 0.0044206 0.0037781 0.0399293 0.0399293 0.0354317 0.0354317 0.0350884 0.0350884 0.0042359 0.0042359 0.0445377 0.0445377 0.0397790 0.0085345 0.0085269 0.0085269 0.0445327 0.0446806 0.0875844 0.0875844 0.0309796 0.0491539 0.0491539 0.0353611 0.0353611 0.0400204 0.0395904 0.0444653 0.0444653 0.0084963 0.0306407 0.0397193 0.0398948 0.0351765 0.0351765 0.0447076 0.0447076 0.1206279 0.0492744 0.0127554 0.0042117 0.0042117 0.0348770 0.0348770 0.0395279 0.0427277 0.0260093 0.0393538 0.0084853 0.0084853 0.0427277 0.0476704 0.0402801 0.0170944 0.0178684 0.0401612 0.0309796 0.0262698 0.0447056 0.0491391 0.0875526 0.0875526 0.0396748 0.0084963 0.0697126 
HM059034_1_coat_protein_Brazil                       0.0356302 0.0329698 0.0393319 0.0329698 0.0351138 0.0351648 0.0000000 0.0118609 0.0098702 0.0098702 0.0118682 0.0350648 0.0335543 0.0373158 0.0357949 0.0343287 0.0350648 0.0335543 0.0400913 0.0371723 0.0371723 0.0357949 0.0336378 0.0379669 0.0379669 0.0379489 0.0393378 0.0406217 0.0381688 0.0350896 0.0330996 0.0330863 0.0118860 0.0351220 0.0351220 0.0363177 0.0374214 0.0352024 0.0378167 0.0350569 0.0351415 0.0416485 0.0118465 0.0118609 0.0351696 0.0287895 0.0223829 0.0351138 0.0352296 0.0353182 0.0377904 0.0356302 0.0330340 0.0351553 0.0118947 0.0181196 0.0351220 0.0351220 0.0350943 0.0350943 0.0350896 0.0350896 0.0350894 0.0328107 0.0350943 0.0341286 0.0350305 0.0350812 0.0381143 0.0381143 0.0380581 0.0367191 0.0380581 0.0400838 0.0221170 0.0330877 0.0351620 0.0220633 0.0329752 0.0329999 0.0351654 0.0351879 0.0351563 0.0372479 0.0373978 0.0416675 0.0309088 0.0309088 0.0350305 0.0351544 0.0351910 0.0351415 0.0351138 0.0329752 0.0374000 0.0118798 0.0351535 0.0350909 0.0373469 0.0372902 0.0180501 0.0358309 0.0374027 0.0350305 0.0350812 0.0329884 0.0351524 0.0396400 0.0375386 0.0351553 0.0351620 0.0351138 0.0373093 0.0358330 0.0375661 0.0358330 0.0349614 0.0372838 0.0374084 0.0374345 0.0395109 0.0351220 0.0771111 0.0134559 0.0136919 0.0636624 0.0421395 0.0120564 0.0161303 0.0120564 0.0483751 0.0421395 0.0161415 0.0464484 0.0464484 0.0533433 0.0464829 0.0508463 0.0465196 0.0160369 0.0160369 0.0462181 0.0250085 0.0525795 0.0462181 0.0414578 0.0405782 0.0411087 0.0401253 0.0459095 0.0407351 0.0475227 0.0538761 0.0468165 0.0468165 0.0516193 0.0516193 0.0084980 0.0084980 0.0402515 0.0402515 0.0516647 0.0516647 0.0128453 0.0450816 0.0450407 0.0450407 0.0494077 0.0518388 0.1230860 0.1230860 0.0463176 0.0565256 0.0565256 0.0420019 0.0420019 0.0564874 0.0127883 0.0515790 0.0515790 0.0448624 0.0405874 0.0441851 0.0467727 0.0417708 0.0417708 0.0518726 0.0518726 0.1462947 0.0566662 0.0308107 0.0400032 0.0400032 0.0084492 0.0084492 0.0127302 0.0513348 0.0170104 0.0127215 0.0448005 0.0448005 0.0513348 0.0564452 0.0130331 0.0349822 0.0179569 0.0567068 0.0463176 0.0444270 0.0500011 0.0565035 0.1230316 0.1230316 0.0084888 0.0448624 0.1020254 
HQ130283_1_coat_protein_USA__California__Napa_Valley 0.0286028 0.0261017 0.0308475 0.0261017 0.0281759 0.0282168 0.0118609 0.0000000 0.0019305 0.0019305 0.0038688 0.0281377 0.0265708 0.0302956 0.0287267 0.0281632 0.0281377 0.0265708 0.0329030 0.0301868 0.0301868 0.0287267 0.0266348 0.0308323 0.0308323 0.0308193 0.0322823 0.0333499 0.0309939 0.0281565 0.0261999 0.0261911 0.0038745 0.0281836 0.0281836 0.0289996 0.0303820 0.0282443 0.0307198 0.0281318 0.0267204 0.0330818 0.0038619 0.0000010 0.0282180 0.0220401 0.0158616 0.0281759 0.0282649 0.0283364 0.0306985 0.0286028 0.0261509 0.0282096 0.0038772 0.0117720 0.0281836 0.0281836 0.0281619 0.0281619 0.0281565 0.0281565 0.0281564 0.0259793 0.0281619 0.0271091 0.0281111 0.0281518 0.0309467 0.0309467 0.0309043 0.0295177 0.0309043 0.0328967 0.0137659 0.0261917 0.0282131 0.0137319 0.0261056 0.0261236 0.0282152 0.0282331 0.0282083 0.0302435 0.0303631 0.0345101 0.0240923 0.0240923 0.0281111 0.0282075 0.0282368 0.0267204 0.0281759 0.0261056 0.0303640 0.0038725 0.0282064 0.0281566 0.0303218 0.0302749 0.0098056 0.0287566 0.0303663 0.0281111 0.0281518 0.0261173 0.0282055 0.0325212 0.0304733 0.0282096 0.0282131 0.0281759 0.0302930 0.0287569 0.0304959 0.0287569 0.0282095 0.0324312 0.0303674 0.0303916 0.0324191 0.0281836 0.0708714 0.0087935 0.0134750 0.0553722 0.0372335 0.0078946 0.0118826 0.0078946 0.0431733 0.0372335 0.0118906 0.0414552 0.0414552 0.0479958 0.0414870 0.0457595 0.0415187 0.0118144 0.0118144 0.0412532 0.0205164 0.0473194 0.0412532 0.0320702 0.0313822 0.0318105 0.0310424 0.0399062 0.0314987 0.0418953 0.0434775 0.0413136 0.0413136 0.0460127 0.0460127 0.0041687 0.0041687 0.0350823 0.0350823 0.0460519 0.0460519 0.0084000 0.0352609 0.0367559 0.0367559 0.0436876 0.0462039 0.1096083 0.1096083 0.0408919 0.0507961 0.0507961 0.0366119 0.0366119 0.0507716 0.0000010 0.0459755 0.0459755 0.0304192 0.0353649 0.0386063 0.0412767 0.0364150 0.0364150 0.0462327 0.0462327 0.1323072 0.0509233 0.0259018 0.0348708 0.0348708 0.0041453 0.0041453 0.0083269 0.0457621 0.0125183 0.0083217 0.0350471 0.0350471 0.0457621 0.0507269 0.0085244 0.0268798 0.0179569 0.0509619 0.0408919 0.0392114 0.0445559 0.0507796 0.1095637 0.1095637 0.0083824 0.0304192 0.0900175 
HQ130284_1_coat_protein_USA__California__Napa_Valley 0.0265299 0.0240614 0.0302163 0.0240614 0.0261280 0.0261662 0.0098702 0.0019305 0.0000000 0.0000010 0.0019318 0.0260926 0.0244984 0.0282369 0.0266432 0.0261163 0.0260926 0.0244984 0.0308102 0.0281369 0.0281369 0.0266432 0.0245573 0.0287427 0.0287427 0.0287308 0.0302247 0.0312352 0.0288936 0.0261099 0.0241512 0.0241436 0.0019346 0.0261354 0.0261354 0.0269114 0.0283181 0.0261911 0.0286396 0.0260873 0.0261470 0.0324181 0.0019283 0.0019305 0.0261665 0.0200095 0.0138601 0.0261280 0.0262100 0.0262768 0.0286197 0.0265299 0.0241066 0.0261595 0.0019359 0.0097967 0.0261354 0.0261354 0.0261153 0.0261153 0.0261099 0.0261099 0.0261098 0.0239489 0.0261153 0.0250257 0.0260680 0.0261061 0.0288486 0.0288486 0.0288096 0.0273974 0.0288096 0.0308043 0.0117832 0.0241439 0.0261623 0.0117539 0.0240649 0.0240812 0.0261641 0.0261807 0.0261577 0.0281889 0.0283005 0.0324367 0.0220548 0.0220548 0.0260680 0.0261572 0.0261845 0.0261470 0.0261280 0.0240649 0.0283011 0.0019336 0.0261561 0.0261098 0.0282617 0.0282176 0.0078334 0.0266714 0.0283033 0.0260680 0.0261061 0.0240761 0.0261552 0.0304474 0.0284027 0.0261595 0.0261623 0.0261280 0.0282352 0.0266713 0.0284240 0.0266713 0.0261593 0.0303626 0.0283034 0.0283269 0.0303522 0.0261354 0.0685838 0.0043824 0.0067064 0.0531034 0.0330058 0.0039363 0.0079000 0.0039363 0.0387717 0.0330058 0.0079052 0.0372085 0.0372085 0.0435363 0.0372380 0.0414885 0.0372661 0.0078544 0.0078544 0.0370268 0.0164134 0.0429231 0.0370268 0.0293529 0.0287157 0.0291161 0.0284052 0.0347998 0.0288219 0.0371278 0.0394200 0.0366378 0.0366378 0.0413156 0.0413156 0.0000010 0.0000010 0.0306053 0.0306053 0.0413503 0.0413503 0.0041870 0.0352484 0.0352169 0.0352169 0.0388509 0.0414861 0.1093466 0.1093466 0.0362731 0.0460647 0.0460647 0.0319640 0.0319640 0.0460494 0.0041687 0.0412807 0.0412807 0.0350823 0.0308470 0.0338114 0.0366059 0.0317931 0.0317931 0.0415114 0.0415114 0.1320514 0.0461820 0.0215210 0.0304219 0.0304219 0.0000010 0.0000010 0.0041510 0.0410896 0.0083207 0.0041485 0.0350348 0.0350348 0.0410896 0.0460030 0.0042505 0.0256550 0.0179569 0.0462191 0.0362731 0.0347511 0.0399767 0.0460519 0.1093022 0.1093022 0.0041779 0.0350823 0.0897829 
HQ130285_1_coat_protein_USA__California__Napa_Valley 0.0265299 0.0240614 0.0302163 0.0240614 0.0261280 0.0261662 0.0098702 0.0019305 0.0000010 0.0000000 0.0019318 0.0260926 0.0244984 0.0282369 0.0266432 0.0261163 0.0260926 0.0244984 0.0308102 0.0281369 0.0281369 0.0266432 0.0245573 0.0287427 0.0287427 0.0287308 0.0302247 0.0312352 0.0288936 0.0261099 0.0241512 0.0241436 0.0019346 0.0261354 0.0261354 0.0269114 0.0283181 0.0261911 0.0286396 0.0260873 0.0261470 0.0324181 0.0019283 0.0019305 0.0261665 0.0200095 0.0138601 0.0261280 0.0262100 0.0262768 0.0286197 0.0265299 0.0241066 0.0261595 0.0019359 0.0097967 0.0261354 0.0261354 0.0261153 0.0261153 0.0261099 0.0261099 0.0261098 0.0239489 0.0261153 0.0250257 0.0260680 0.0261061 0.0288486 0.0288486 0.0288096 0.0273974 0.0288096 0.0308043 0.0117832 0.0241439 0.0261623 0.0117539 0.0240649 0.0240812 0.0261641 0.0261807 0.0261577 0.0281889 0.0283005 0.0324367 0.0220548 0.0220548 0.0260680 0.0261572 0.0261845 0.0261470 0.0261280 0.0240649 0.0283011 0.0019336 0.0261561 0.0261098 0.0282617 0.0282176 0.0078334 0.0266714 0.0283033 0.0260680 0.0261061 0.0240761 0.0261552 0.0304474 0.0284027 0.0261595 0.0261623 0.0261280 0.0282352 0.0266713 0.0284240 0.0266713 0.0261593 0.0303626 0.0283034 0.0283269 0.0303522 0.0261354 0.0685838 0.0043824 0.0067064 0.0531034 0.0330058 0.0039363 0.0079000 0.0039363 0.0387717 0.0330058 0.0079052 0.0372085 0.0372085 0.0435363 0.0372380 0.0414885 0.0372661 0.0078544 0.0078544 0.0370268 0.0164134 0.0429231 0.0370268 0.0293529 0.0287157 0.0291161 0.0284052 0.0347998 0.0288219 0.0371278 0.0394200 0.0366378 0.0366378 0.0413156 0.0413156 0.0000010 0.0000010 0.0306053 0.0306053 0.0413503 0.0413503 0.0041870 0.0352484 0.0352169 0.0352169 0.0388509 0.0414861 0.1093466 0.1093466 0.0362731 0.0460647 0.0460647 0.0319640 0.0319640 0.0460494 0.0041687 0.0412807 0.0412807 0.0350823 0.0308470 0.0338114 0.0366059 0.0317931 0.0317931 0.0415114 0.0415114 0.1320514 0.0461820 0.0215210 0.0304219 0.0304219 0.0000010 0.0000010 0.0041510 0.0410896 0.0083207 0.0041485 0.0350348 0.0350348 0.0410896 0.0460030 0.0042505 0.0256550 0.0179569 0.0462191 0.0362731 0.0347511 0.0399767 0.0460519 0.1093022 0.1093022 0.0041779 0.0350823 0.0897829 
HQ130294_1_coat_protein_USA__California__Napa_Valley 0.0286187 0.0261163 0.0322914 0.0261163 0.0281914 0.0282324 0.0118682 0.0038688 0.0019318 0.0019318 0.0000000 0.0281531 0.0265858 0.0303120 0.0287427 0.0281786 0.0281531 0.0265858 0.0329207 0.0302031 0.0302031 0.0287427 0.0266498 0.0308492 0.0308492 0.0308361 0.0322994 0.0333680 0.0310109 0.0281720 0.0262145 0.0262058 0.0038769 0.0281991 0.0281991 0.0290157 0.0303985 0.0282599 0.0307365 0.0281473 0.0282122 0.0345094 0.0038644 0.0038688 0.0282335 0.0220527 0.0158711 0.0281914 0.0282805 0.0283520 0.0307152 0.0286187 0.0261655 0.0282251 0.0038797 0.0117792 0.0281991 0.0281991 0.0281774 0.0281774 0.0281720 0.0281720 0.0281719 0.0259938 0.0281774 0.0271244 0.0281265 0.0281673 0.0309637 0.0309637 0.0309213 0.0295344 0.0309213 0.0329144 0.0137742 0.0262063 0.0282286 0.0137402 0.0261201 0.0261382 0.0282307 0.0282486 0.0282238 0.0302599 0.0303796 0.0345282 0.0241060 0.0241060 0.0281265 0.0282230 0.0282524 0.0282122 0.0281914 0.0261201 0.0303805 0.0038750 0.0282220 0.0281721 0.0303383 0.0302914 0.0098117 0.0287726 0.0303828 0.0281265 0.0281673 0.0261319 0.0282210 0.0325386 0.0304899 0.0282251 0.0282286 0.0281914 0.0303095 0.0287729 0.0305126 0.0287729 0.0282250 0.0324486 0.0303839 0.0304081 0.0324364 0.0281991 0.0709004 0.0088058 0.0067064 0.0553984 0.0372725 0.0079047 0.0118973 0.0079047 0.0432179 0.0372725 0.0119053 0.0414972 0.0414972 0.0480438 0.0415290 0.0458042 0.0415607 0.0118290 0.0118290 0.0412948 0.0205405 0.0473664 0.0412948 0.0293529 0.0287157 0.0291161 0.0284052 0.0347998 0.0288219 0.0371278 0.0394200 0.0413598 0.0413598 0.0460621 0.0460621 0.0041744 0.0041744 0.0351220 0.0351220 0.0461014 0.0461014 0.0084114 0.0398196 0.0397840 0.0397840 0.0437368 0.0421027 0.1154429 0.1154429 0.0409372 0.0508486 0.0508486 0.0366543 0.0366543 0.0508240 0.0083753 0.0460248 0.0460248 0.0396305 0.0354052 0.0386515 0.0413228 0.0364570 0.0364570 0.0462825 0.0462825 0.1382377 0.0509760 0.0259330 0.0349101 0.0349101 0.0041510 0.0041510 0.0083380 0.0458111 0.0125345 0.0083328 0.0395767 0.0395767 0.0458111 0.0507792 0.0085360 0.0300565 0.0179569 0.0510146 0.0409372 0.0392539 0.0446031 0.0508320 0.1153945 0.1153945 0.0083937 0.0396305 0.0953278 
HQ130295_1_coat_protein_USA__California__Napa_Valley 0.0139134 0.0019480 0.0078312 0.0019480 0.0039054 0.0078457 0.0350648 0.0281377 0.0260926 0.0260926 0.0281531 0.0000000 0.0158595 0.0019503 0.0179137 0.0039039 0.0000010 0.0158595 0.0179180 0.0139227 0.0139227 0.0179137 0.0158964 0.0199434 0.0199434 0.0199363 0.0159554 0.0182808 0.0200470 0.0039025 0.0058816 0.0058807 0.0281974 0.0039070 0.0039070 0.0058701 0.0058956 0.0039142 0.0139122 0.0038997 0.0039077 0.0098446 0.0240218 0.0281377 0.0039103 0.0058807 0.0158456 0.0039054 0.0039167 0.0039273 0.0159339 0.0139134 0.0098416 0.0039105 0.0282188 0.0158431 0.0039070 0.0039070 0.0039040 0.0039040 0.0039025 0.0039025 0.0039025 0.0039013 0.0039040 0.0039025 0.0038968 0.0039028 0.0200133 0.0200133 0.0199885 0.0184759 0.0199885 0.0219507 0.0179190 0.0058804 0.0039102 0.0387235 0.0039031 0.0058640 0.0039102 0.0058791 0.0039093 0.0058686 0.0058919 0.0180595 0.0039070 0.0039070 0.0038968 0.0039095 0.0039139 0.0039077 0.0039054 0.0039031 0.0058915 0.0281828 0.0058739 0.0058632 0.0058834 0.0058732 0.0346619 0.0078617 0.0078695 0.0038968 0.0039028 0.0098307 0.0039091 0.0078890 0.0059119 0.0039105 0.0039102 0.0039054 0.0058786 0.0219796 0.0059168 0.0219796 0.0039103 0.0078657 0.0058901 0.0058970 0.0078657 0.0039070 0.0582327 0.0225527 0.0349865 0.0431265 0.0000010 0.0284711 0.0243613 0.0284711 0.0328849 0.0000010 0.0326599 0.0039450 0.0039450 0.0374059 0.0039489 0.0079221 0.0039514 0.0324515 0.0324515 0.0039259 0.0418058 0.0368974 0.0039259 0.0206306 0.0025231 0.0204701 0.0024965 0.0000010 0.0025319 0.0000010 0.0037733 0.0353794 0.0353794 0.0308993 0.0308993 0.0306053 0.0306053 0.0000010 0.0000010 0.0399618 0.0399618 0.0352484 0.0042513 0.0042476 0.0042476 0.0399539 0.0400895 0.0823831 0.0823831 0.0264612 0.0445500 0.0445500 0.0308405 0.0308405 0.0354601 0.0350823 0.0398961 0.0398961 0.0042325 0.0261764 0.0351945 0.0353497 0.0306805 0.0306805 0.0401132 0.0401132 0.1155004 0.0446611 0.0084735 0.0000010 0.0000010 0.0304219 0.0304219 0.0350177 0.0380454 0.0216005 0.0348770 0.0042270 0.0042270 0.0380454 0.0429519 0.0357045 0.0127750 0.0000010 0.0355827 0.0264612 0.0218142 0.0401099 0.0445386 0.0823540 0.0823540 0.0351577 0.0042325 0.0648903 
HQ130296_1_coat_protein_USA__California__Napa_Valley 0.0203334 0.0138624 0.0198991 0.0138624 0.0158807 0.0199368 0.0335543 0.0265708 0.0244984 0.0244984 0.0265858 0.0158595 0.0000000 0.0179273 0.0019603 0.0158740 0.0158595 0.0000010 0.0058983 0.0162040 0.0162040 0.0019603 0.0039300 0.0039285 0.0039285 0.0039274 0.0182748 0.0249162 0.0039492 0.0118537 0.0179389 0.0179343 0.0266281 0.0158862 0.0158862 0.0179019 0.0179807 0.0159178 0.0205312 0.0158567 0.0158914 0.0220156 0.0265359 0.0265708 0.0159025 0.0179343 0.0141147 0.0118622 0.0159287 0.0159705 0.0224082 0.0203334 0.0220080 0.0159006 0.0266485 0.0141124 0.0158862 0.0158862 0.0158741 0.0158741 0.0158694 0.0158694 0.0158694 0.0143032 0.0158741 0.0158694 0.0158450 0.0158687 0.0039414 0.0039414 0.0039372 0.0039213 0.0039372 0.0058970 0.0303496 0.0179341 0.0159009 0.0372805 0.0138641 0.0138727 0.0159015 0.0159117 0.0158978 0.0178986 0.0179694 0.0204259 0.0158862 0.0158862 0.0158450 0.0158981 0.0159151 0.0158914 0.0158807 0.0138641 0.0179691 0.0266140 0.0158972 0.0158686 0.0179443 0.0179148 0.0331633 0.0162258 0.0179706 0.0158450 0.0158687 0.0219807 0.0158965 0.0200500 0.0180325 0.0159006 0.0159009 0.0158807 0.0179285 0.0059047 0.0180467 0.0059047 0.0159002 0.0199925 0.0179678 0.0179856 0.0199889 0.0158862 0.0574058 0.0240242 0.0306065 0.0431401 0.0285356 0.0295094 0.0338014 0.0295094 0.0039942 0.0285356 0.0338270 0.0326847 0.0326847 0.0080774 0.0327114 0.0369059 0.0327355 0.0336053 0.0336053 0.0325261 0.0432398 0.0079692 0.0325261 0.0025357 0.0154327 0.0025166 0.0152676 0.0297883 0.0154883 0.0273738 0.0233001 0.0042881 0.0042881 0.0086081 0.0086081 0.0317931 0.0317931 0.0306805 0.0306805 0.0086143 0.0086143 0.0365931 0.0353374 0.0353058 0.0353058 0.0086077 0.0086406 0.0991528 0.0991528 0.0462324 0.0129594 0.0129594 0.0086213 0.0086213 0.0129681 0.0364150 0.0085992 0.0085992 0.0351704 0.0130123 0.0042669 0.0042851 0.0000010 0.0000010 0.0086449 0.0086449 0.1205597 0.0129945 0.0215709 0.0304961 0.0304961 0.0315964 0.0315964 0.0363494 0.0085618 0.0315964 0.0361942 0.0351227 0.0351227 0.0085618 0.0129450 0.0370779 0.0407626 0.0000010 0.0130083 0.0462324 0.0411847 0.0130754 0.0129598 0.0991141 0.0991141 0.0364955 0.0351704 0.0801575 
HQ130297_1_coat_protein_USA__California__Napa_Valley 0.0159774 0.0039140 0.0098345 0.0039140 0.0058851 0.0098538 0.0373158 0.0302956 0.0282369 0.0282369 0.0303120 0.0019503 0.0179273 0.0000000 0.0200003 0.0058828 0.0019503 0.0179273 0.0200051 0.0159878 0.0159878 0.0200003 0.0179692 0.0220443 0.0220443 0.0220361 0.0180360 0.0204080 0.0221589 0.0058809 0.0078788 0.0078774 0.0303602 0.0058875 0.0058875 0.0078632 0.0078975 0.0058985 0.0159761 0.0058765 0.0058888 0.0118691 0.0261503 0.0302956 0.0058927 0.0078774 0.0179112 0.0058851 0.0059023 0.0059183 0.0180122 0.0159774 0.0118654 0.0058928 0.0303833 0.0179085 0.0058875 0.0058875 0.0058831 0.0058831 0.0058809 0.0058809 0.0058809 0.0058791 0.0058831 0.0058809 0.0058721 0.0058811 0.0221223 0.0221223 0.0220944 0.0206108 0.0220944 0.0240626 0.0200051 0.0078771 0.0058924 0.0409672 0.0058818 0.0078549 0.0058925 0.0078754 0.0058912 0.0078613 0.0078925 0.0201636 0.0058875 0.0058875 0.0058721 0.0058915 0.0058980 0.0058888 0.0058851 0.0058818 0.0078920 0.0303443 0.0078684 0.0078540 0.0078812 0.0078676 0.0368861 0.0098743 0.0098831 0.0058721 0.0058811 0.0118520 0.0058908 0.0099076 0.0079196 0.0058928 0.0058924 0.0058851 0.0078746 0.0240944 0.0079260 0.0240944 0.0058925 0.0098793 0.0078903 0.0078994 0.0098791 0.0058875 0.0607816 0.0273656 0.0427168 0.0455348 0.0039718 0.0328661 0.0287067 0.0328661 0.0373781 0.0039718 0.0371143 0.0079641 0.0079641 0.0419985 0.0079718 0.0119956 0.0079772 0.0368766 0.0368766 0.0079254 0.0463858 0.0414221 0.0079254 0.0233567 0.0050765 0.0231734 0.0050228 0.0048309 0.0050944 0.0044495 0.0076151 0.0402473 0.0402473 0.0357072 0.0357072 0.0353578 0.0353578 0.0042624 0.0042624 0.0449015 0.0449015 0.0400942 0.0085897 0.0085820 0.0085820 0.0448968 0.0450471 0.0885430 0.0885430 0.0312143 0.0495659 0.0495659 0.0356353 0.0356353 0.0403400 0.0399023 0.0448280 0.0448280 0.0085510 0.0308703 0.0400335 0.0402121 0.0354475 0.0354475 0.0450746 0.0450746 0.1220718 0.0496884 0.0128396 0.0042379 0.0042379 0.0351429 0.0351429 0.0398391 0.0430817 0.0261968 0.0396613 0.0085398 0.0085398 0.0430817 0.0480770 0.0406034 0.0172108 0.0000010 0.0404834 0.0312143 0.0264615 0.0450727 0.0495506 0.0885103 0.0885103 0.0399881 0.0085510 0.0703764 
HQ130298_1_coat_protein_USA__California__Napa_Valley 0.0224538 0.0159063 0.0219774 0.0159063 0.0179377 0.0220188 0.0357949 0.0287267 0.0266432 0.0266432 0.0287427 0.0179137 0.0019603 0.0200003 0.0000000 0.0179301 0.0179137 0.0019603 0.0039181 0.0182990 0.0182990 0.0000010 0.0019579 0.0019572 0.0019572 0.0019567 0.0203830 0.0249409 0.0019675 0.0138846 0.0200130 0.0200074 0.0287888 0.0179437 0.0179437 0.0199712 0.0200595 0.0179800 0.0226691 0.0179104 0.0179500 0.0241149 0.0286886 0.0287267 0.0179628 0.0200074 0.0161927 0.0138945 0.0179924 0.0180395 0.0245406 0.0224538 0.0241063 0.0179601 0.0288110 0.0161900 0.0179437 0.0179437 0.0179300 0.0179300 0.0179250 0.0179250 0.0179250 0.0164006 0.0179300 0.0179250 0.0178971 0.0179238 0.0019636 0.0019636 0.0019615 0.0019536 0.0019615 0.0039172 0.0325051 0.0200074 0.0179607 0.0395089 0.0159083 0.0159184 0.0179615 0.0179730 0.0179573 0.0199678 0.0200470 0.0225554 0.0179437 0.0179437 0.0178971 0.0179575 0.0179767 0.0179500 0.0179377 0.0159083 0.0200467 0.0287735 0.0179565 0.0179243 0.0200189 0.0199864 0.0353775 0.0183245 0.0200484 0.0178971 0.0179238 0.0240758 0.0179558 0.0221446 0.0201179 0.0179601 0.0179607 0.0179377 0.0200011 0.0039223 0.0201335 0.0039223 0.0179596 0.0220814 0.0200459 0.0200651 0.0220767 0.0179437 0.0566773 0.0290559 0.0386762 0.0431674 0.0328849 0.0339865 0.0383222 0.0339865 0.0000010 0.0328849 0.0383519 0.0370780 0.0370780 0.0040091 0.0371075 0.0413495 0.0371353 0.0381004 0.0381004 0.0368974 0.0478613 0.0039557 0.0368974 0.0000010 0.0180991 0.0000010 0.0179046 0.0351067 0.0181649 0.0322330 0.0274003 0.0000010 0.0000010 0.0042705 0.0042705 0.0366378 0.0366378 0.0353794 0.0353794 0.0042735 0.0042735 0.0415182 0.0401185 0.0400823 0.0400823 0.0042699 0.0042864 0.0993214 0.0993214 0.0512981 0.0085713 0.0085713 0.0042767 0.0042767 0.0085781 0.0413136 0.0042660 0.0042660 0.0399263 0.0086058 0.0086077 0.0086448 0.0042881 0.0042881 0.0042885 0.0042885 0.1207684 0.0085946 0.0261143 0.0351642 0.0351642 0.0364086 0.0364086 0.0412496 0.0042476 0.0364086 0.0410560 0.0398717 0.0398717 0.0042476 0.0085621 0.0420557 0.0456752 0.0000010 0.0086041 0.0512981 0.0461500 0.0086483 0.0085719 0.0992826 0.0992826 0.0414047 0.0399263 0.0802789 
HQ130300_1_coat_protein_USA__California__Napa_Valley 0.0139262 0.0019498 0.0078384 0.0019498 0.0039090 0.0078529 0.0343287 0.0281632 0.0261163 0.0261163 0.0281786 0.0039039 0.0158740 0.0058828 0.0179301 0.0000000 0.0039039 0.0158740 0.0179343 0.0139355 0.0139355 0.0179301 0.0159109 0.0199616 0.0199616 0.0199545 0.0159701 0.0182978 0.0200654 0.0039061 0.0058871 0.0058861 0.0282230 0.0039106 0.0039106 0.0058755 0.0059011 0.0039178 0.0139250 0.0039033 0.0039114 0.0098537 0.0240437 0.0281632 0.0039139 0.0058861 0.0158601 0.0039090 0.0039203 0.0039310 0.0159485 0.0139262 0.0098506 0.0039141 0.0282444 0.0158575 0.0039106 0.0039106 0.0039077 0.0039077 0.0039061 0.0039061 0.0039061 0.0039049 0.0039077 0.0039061 0.0039004 0.0039064 0.0200316 0.0200316 0.0200068 0.0184931 0.0200068 0.0219707 0.0179354 0.0058859 0.0039138 0.0387585 0.0039067 0.0058694 0.0039138 0.0058846 0.0039130 0.0058741 0.0058973 0.0180762 0.0039106 0.0039106 0.0039004 0.0039132 0.0039175 0.0039114 0.0039090 0.0039067 0.0058970 0.0282083 0.0058793 0.0058686 0.0058889 0.0058786 0.0346934 0.0078689 0.0078768 0.0039004 0.0039064 0.0098397 0.0039127 0.0078964 0.0059174 0.0039141 0.0039138 0.0039090 0.0058840 0.0219996 0.0059223 0.0219996 0.0019706 0.0078730 0.0058955 0.0059024 0.0078730 0.0039106 0.0584085 0.0225527 0.0349865 0.0431673 0.0000010 0.0284711 0.0243613 0.0284711 0.0328849 0.0000010 0.0326599 0.0039450 0.0039450 0.0374059 0.0039489 0.0079221 0.0039514 0.0324515 0.0324515 0.0039259 0.0418058 0.0368974 0.0039259 0.0206549 0.0025261 0.0204940 0.0024995 0.0000010 0.0025350 0.0000010 0.0037801 0.0353794 0.0353794 0.0308993 0.0308993 0.0306053 0.0306053 0.0000010 0.0000010 0.0399618 0.0399618 0.0352484 0.0042513 0.0042476 0.0042476 0.0399539 0.0400895 0.0823831 0.0823831 0.0264612 0.0445500 0.0445500 0.0308405 0.0308405 0.0354601 0.0350823 0.0398961 0.0398961 0.0042325 0.0261764 0.0351945 0.0353497 0.0306805 0.0306805 0.0401132 0.0401132 0.1155004 0.0446611 0.0084735 0.0000010 0.0000010 0.0304219 0.0304219 0.0350177 0.0380454 0.0216005 0.0348770 0.0042270 0.0042270 0.0380454 0.0429519 0.0357045 0.0127750 0.0000010 0.0355827 0.0264612 0.0218142 0.0401099 0.0445386 0.0823540 0.0823540 0.0351577 0.0042325 0.0648903 
HQ130301_1_coat_protein_USA__California__Napa_Valley 0.0139134 0.0019480 0.0078312 0.0019480 0.0039054 0.0078457 0.0350648 0.0281377 0.0260926 0.0260926 0.0281531 0.0000010 0.0158595 0.0019503 0.0179137 0.0039039 0.0000000 0.0158595 0.0179180 0.0139227 0.0139227 0.0179137 0.0158964 0.0199434 0.0199434 0.0199363 0.0159554 0.0182808 0.0200470 0.0039025 0.0058816 0.0058807 0.0281974 0.0039070 0.0039070 0.0058701 0.0058956 0.0039142 0.0139122 0.0038997 0.0039077 0.0098446 0.0240218 0.0281377 0.0039103 0.0058807 0.0158456 0.0039054 0.0039167 0.0039273 0.0159339 0.0139134 0.0098416 0.0039105 0.0282188 0.0158431 0.0039070 0.0039070 0.0039040 0.0039040 0.0039025 0.0039025 0.0039025 0.0039013 0.0039040 0.0039025 0.0038968 0.0039028 0.0200133 0.0200133 0.0199885 0.0184759 0.0199885 0.0219507 0.0179190 0.0058804 0.0039102 0.0387235 0.0039031 0.0058640 0.0039102 0.0058791 0.0039093 0.0058686 0.0058919 0.0180595 0.0039070 0.0039070 0.0038968 0.0039095 0.0039139 0.0039077 0.0039054 0.0039031 0.0058915 0.0281828 0.0058739 0.0058632 0.0058834 0.0058732 0.0346619 0.0078617 0.0078695 0.0038968 0.0039028 0.0098307 0.0039091 0.0078890 0.0059119 0.0039105 0.0039102 0.0039054 0.0058786 0.0219796 0.0059168 0.0219796 0.0039103 0.0078657 0.0058901 0.0058970 0.0078657 0.0039070 0.0582327 0.0225527 0.0349865 0.0431265 0.0000010 0.0284711 0.0243613 0.0284711 0.0328849 0.0000010 0.0326599 0.0039450 0.0039450 0.0374059 0.0039489 0.0079221 0.0039514 0.0324515 0.0324515 0.0039259 0.0418058 0.0368974 0.0039259 0.0206306 0.0025231 0.0204701 0.0024965 0.0000010 0.0025319 0.0000010 0.0037733 0.0353794 0.0353794 0.0308993 0.0308993 0.0306053 0.0306053 0.0000010 0.0000010 0.0399618 0.0399618 0.0352484 0.0042513 0.0042476 0.0042476 0.0399539 0.0400895 0.0823831 0.0823831 0.0264612 0.0445500 0.0445500 0.0308405 0.0308405 0.0354601 0.0350823 0.0398961 0.0398961 0.0042325 0.0261764 0.0351945 0.0353497 0.0306805 0.0306805 0.0401132 0.0401132 0.1155004 0.0446611 0.0084735 0.0000010 0.0000010 0.0304219 0.0304219 0.0350177 0.0380454 0.0216005 0.0348770 0.0042270 0.0042270 0.0380454 0.0429519 0.0357045 0.0127750 0.0000010 0.0355827 0.0264612 0.0218142 0.0401099 0.0445386 0.0823540 0.0823540 0.0351577 0.0042325 0.0648903 
HQ130302_1_coat_protein_USA__California__Napa_Valley 0.0203334 0.0138624 0.0198991 0.0138624 0.0158807 0.0199368 0.0335543 0.0265708 0.0244984 0.0244984 0.0265858 0.0158595 0.0000010 0.0179273 0.0019603 0.0158740 0.0158595 0.0000000 0.0058983 0.0162040 0.0162040 0.0019603 0.0039300 0.0039285 0.0039285 0.0039274 0.0182748 0.0249162 0.0039492 0.0118537 0.0179389 0.0179343 0.0266281 0.0158862 0.0158862 0.0179019 0.0179807 0.0159178 0.0205312 0.0158567 0.0158914 0.0220156 0.0265359 0.0265708 0.0159025 0.0179343 0.0141147 0.0118622 0.0159287 0.0159705 0.0224082 0.0203334 0.0220080 0.0159006 0.0266485 0.0141124 0.0158862 0.0158862 0.0158741 0.0158741 0.0158694 0.0158694 0.0158694 0.0143032 0.0158741 0.0158694 0.0158450 0.0158687 0.0039414 0.0039414 0.0039372 0.0039213 0.0039372 0.0058970 0.0303496 0.0179341 0.0159009 0.0372805 0.0138641 0.0138727 0.0159015 0.0159117 0.0158978 0.0178986 0.0179694 0.0204259 0.0158862 0.0158862 0.0158450 0.0158981 0.0159151 0.0158914 0.0158807 0.0138641 0.0179691 0.0266140 0.0158972 0.0158686 0.0179443 0.0179148 0.0331633 0.0162258 0.0179706 0.0158450 0.0158687 0.0219807 0.0158965 0.0200500 0.0180325 0.0159006 0.0159009 0.0158807 0.0179285 0.0059047 0.0180467 0.0059047 0.0159002 0.0199925 0.0179678 0.0179856 0.0199889 0.0158862 0.0574058 0.0240242 0.0306065 0.0431401 0.0285356 0.0295094 0.0338014 0.0295094 0.0039942 0.0285356 0.0338270 0.0326847 0.0326847 0.0080774 0.0327114 0.0369059 0.0327355 0.0336053 0.0336053 0.0325261 0.0432398 0.0079692 0.0325261 0.0025357 0.0154327 0.0025166 0.0152676 0.0297883 0.0154883 0.0273738 0.0233001 0.0042881 0.0042881 0.0086081 0.0086081 0.0317931 0.0317931 0.0306805 0.0306805 0.0086143 0.0086143 0.0365931 0.0353374 0.0353058 0.0353058 0.0086077 0.0086406 0.0991528 0.0991528 0.0462324 0.0129594 0.0129594 0.0086213 0.0086213 0.0129681 0.0364150 0.0085992 0.0085992 0.0351704 0.0130123 0.0042669 0.0042851 0.0000010 0.0000010 0.0086449 0.0086449 0.1205597 0.0129945 0.0215709 0.0304961 0.0304961 0.0315964 0.0315964 0.0363494 0.0085618 0.0315964 0.0361942 0.0351227 0.0351227 0.0085618 0.0129450 0.0370779 0.0407626 0.0000010 0.0130083 0.0462324 0.0411847 0.0130754 0.0129598 0.0991141 0.0991141 0.0364955 0.0351704 0.0801575 
